New node number 	 Original node number 
1	877
2	878
3	879
4	880
5	881
6	882
7	883
8	884
9	885
10	886
11	887
12	888
13	889
14	890
15	891
16	892
17	893
18	894
19	895
20	896
21	897
22	898
23	899
24	900
25	901
26	902
27	903
28	904
29	905
30	906
31	907
32	908
33	909
34	910
35	911
36	912
37	913
38	914
39	915
40	916
41	917
42	918
43	919
44	920
45	921
46	922
47	923
48	924
49	925
50	926
51	927
52	928
53	929
54	930
55	931
56	932
57	933
58	934
59	935
60	936
61	937
62	938
63	939
64	940
65	941
66	942
67	943
68	944
69	945
70	946
71	947
72	948
73	949
74	950
75	951
76	952
77	953
78	954
79	955
80	956
81	957
82	958
83	959
84	960
85	961
86	962
87	963
88	964
89	965
90	966
91	967
92	968
93	969
94	970
95	971
96	972
97	973
98	974
99	0
100	1
101	2
102	3
103	4
104	5
105	6
106	7
107	8
108	9
109	10
110	11
111	12
112	13
113	14
114	15
115	16
116	17
117	18
118	19
119	20
120	21
121	22
122	23
123	24
124	25
125	26
126	27
127	28
128	29
129	30
130	31
131	32
132	33
133	34
134	35
135	36
136	37
137	38
138	39
139	40
140	41
141	42
142	43
143	44
144	45
145	46
146	47
147	48
148	49
149	50
150	51
151	52
152	53
153	54
154	55
155	56
156	57
157	58
158	59
159	60
160	61
161	62
162	63
163	64
164	65
165	66
166	67
167	68
168	69
169	70
170	71
171	72
172	73
173	74
174	75
175	76
176	77
177	78
178	79
179	80
180	81
181	82
182	83
183	84
184	85
185	86
186	87
187	88
188	89
189	90
190	91
191	92
192	93
193	94
194	95
195	96
196	97
197	98
198	99
199	100
200	101
201	102
202	103
203	104
204	105
205	106
206	107
207	108
208	109
209	110
210	111
211	112
212	113
213	114
214	115
215	116
216	117
217	118
218	119
219	120
220	121
221	122
222	123
223	124
224	125
225	126
226	127
227	128
228	129
229	130
230	131
231	132
232	133
233	134
234	135
235	136
236	137
237	138
238	139
239	140
240	141
241	142
242	143
243	144
244	145
245	146
246	147
247	148
248	149
249	150
250	151
251	152
252	153
253	154
254	155
255	156
256	157
257	158
258	159
259	160
260	161
261	162
262	163
263	164
264	165
265	166
266	167
267	168
268	169
269	170
270	171
271	172
272	173
273	174
274	175
275	176
276	177
277	178
278	179
279	180
280	181
281	182
282	183
283	184
284	185
285	186
286	187
287	188
288	189
289	190
290	191
291	192
292	193
293	194
294	195
295	196
296	197
297	198
298	199
299	200
300	201
301	202
302	203
303	204
304	205
305	206
306	207
307	208
308	209
309	210
310	211
311	212
312	213
313	214
314	215
315	216
316	217
317	218
318	219
319	220
320	221
321	222
322	223
323	224
324	225
325	226
326	227
327	228
328	229
329	230
330	231
331	232
332	233
333	234
334	235
335	236
336	237
337	238
338	239
339	240
340	241
341	242
342	243
343	244
344	245
345	246
346	247
347	248
348	249
349	250
350	251
351	252
352	253
353	254
354	255
355	256
356	257
357	258
358	259
359	260
360	261
361	262
362	263
363	264
364	265
365	266
366	267
367	268
368	269
369	270
370	271
371	272
372	273
373	274
374	275
375	276
376	277
377	278
378	279
379	280
380	281
381	282
382	283
383	284
384	285
385	286
386	287
387	288
388	289
389	290
390	291
391	292
392	293
393	294
394	295
395	296
396	297
397	298
398	299
399	300
400	301
401	302
402	303
403	304
404	305
405	306
406	307
407	308
408	309
409	310
410	311
411	312
412	313
413	314
414	315
415	316
416	317
417	318
418	319
419	320
420	321
421	322
422	323
423	324
424	325
425	326
426	327
427	328
428	329
429	330
430	331
431	332
432	333
433	334
434	335
435	336
436	337
437	338
438	339
439	340
440	341
441	342
442	343
443	344
444	345
445	346
446	347
447	348
448	349
449	350
450	351
451	352
452	353
453	354
454	355
455	356
456	357
457	358
458	359
459	360
460	361
461	362
462	363
463	364
464	365
465	366
466	367
467	368
468	369
469	370
470	371
471	372
472	373
473	374
474	375
475	376
476	377
477	378
478	379
479	380
480	381
481	382
482	383
483	384
484	385
485	386
486	387
487	388
488	389
489	390
490	391
491	392
492	393
493	394
494	395
495	396
496	397
497	398
498	399
499	400
500	401
501	402
502	403
503	404
504	405
505	406
506	407
507	408
508	409
509	410
510	411
511	412
512	413
513	414
514	415
515	416
516	417
517	418
518	419
519	420
520	421
521	422
522	423
523	424
524	425
525	426
526	427
527	428
528	429
529	430
530	431
531	432
532	433
533	434
534	435
535	436
536	437
537	438
538	439
539	440
540	441
541	442
542	443
543	444
544	445
545	446
546	447
547	448
548	449
549	450
550	451
551	452
552	453
553	454
554	455
555	456
556	457
557	458
558	459
559	460
560	461
561	462
562	463
563	464
564	465
565	466
566	467
567	468
568	469
569	470
570	471
571	472
572	473
573	474
574	475
575	476
576	477
577	478
578	479
579	480
580	481
581	482
582	483
583	484
584	485
585	486
586	487
587	488
588	489
589	490
590	491
591	492
592	493
593	494
594	495
595	496
596	497
597	498
598	499
599	500
600	501
601	502
602	503
603	504
604	505
605	506
606	507
607	508
608	509
609	510
610	511
611	512
612	513
613	514
614	515
615	516
616	517
617	518
618	519
619	520
620	521
621	522
622	523
623	524
624	525
625	526
626	527
627	528
628	529
629	530
630	531
631	532
632	533
633	534
634	535
635	536
636	537
637	538
638	539
639	540
640	541
641	542
642	543
643	544
644	545
645	546
646	547
647	548
648	549
649	550
650	551
651	552
652	553
653	554
654	555
655	556
656	557
657	558
658	559
659	560
660	561
661	562
662	563
663	564
664	565
665	566
666	567
667	568
668	569
669	570
670	571
671	572
672	573
673	574
674	575
675	576
676	577
677	578
678	579
679	580
680	581
681	582
682	583
683	584
684	585
685	586
686	587
687	588
688	589
689	590
690	591
691	592
692	593
693	594
694	595
695	596
696	597
697	598
698	599
699	600
700	601
701	602
702	603
703	604
704	605
705	606
706	607
707	608
708	609
709	610
710	611
711	612
712	613
713	614
714	615
715	616
716	617
717	618
718	619
719	620
720	621
721	622
722	623
723	624
724	625
725	626
726	627
727	628
728	629
729	630
730	631
731	632
732	633
733	634
734	635
735	636
736	637
737	638
738	639
739	640
740	641
741	642
742	643
743	644
744	645
745	646
746	647
747	648
748	649
749	650
750	651
751	652
752	653
753	654
754	655
755	656
756	657
757	658
758	659
759	660
760	661
761	662
762	663
763	664
764	665
765	666
766	667
767	668
768	669
769	670
770	671
771	672
772	673
773	674
774	675
775	676
776	677
777	678
778	679
779	680
780	681
781	682
782	683
783	684
784	685
785	686
786	687
787	688
788	689
789	690
790	691
791	692
792	693
793	694
794	695
795	696
796	697
797	698
798	699
799	700
800	701
801	702
802	703
803	704
804	705
805	706
806	707
807	708
808	709
809	710
810	711
811	712
812	713
813	714
814	715
815	716
816	717
817	718
818	719
819	720
820	721
821	722
822	723
823	724
824	725
825	726
826	727
827	728
828	729
829	730
830	731
831	732
832	733
833	734
834	735
835	736
836	737
837	738
838	739
839	740
840	741
841	742
842	743
843	744
844	745
845	746
846	747
847	748
848	749
849	750
850	751
851	752
852	753
853	754
854	755
855	756
856	757
857	758
858	759
859	760
860	761
861	762
862	763
863	764
864	765
865	766
866	767
867	768
868	769
869	770
870	771
871	772
872	773
873	774
874	775
875	776
876	777
877	778
878	779
879	780
880	781
881	782
882	783
883	784
884	785
885	786
886	787
887	788
888	789
889	790
890	791
891	792
892	793
893	794
894	795
895	796
896	797
897	798
898	799
899	800
900	801
901	802
902	803
903	804
904	805
905	806
906	807
907	808
908	809
909	810
910	811
911	812
912	813
913	814
914	815
915	816
916	817
917	818
918	819
919	820
920	821
921	822
922	823
923	824
924	825
925	826
926	827
927	828
928	829
929	830
930	831
931	832
932	833
933	834
934	835
935	836
936	837
937	838
938	839
939	840
940	841
941	842
942	843
943	844
944	845
945	846
946	847
947	848
948	849
949	850
950	851
951	852
952	853
953	854
954	855
955	856
956	857
957	858
958	859
959	860
960	861
961	862
962	863
963	864
964	865
965	866
966	867
967	868
968	869
969	870
970	871
971	872
972	873
973	874
974	875
975	876
