1               126             125001          65          100      0.0025      0           Open
2               125001          125             260         100      0.0025      0           Open
3               125             124             164         125      0.0025      0           Open
4               124             106             250         250      0.0025      0           Open
5               266             38              200         500      0.0025      0           Open
8               106             161             100         200      0.0025      0           Open
10              161             162             68          200      0.0025      0           Open
11              162             163             164         200      0.0025      0           Open
12              163             164             164         100      0.0025      0           Open
13              163             165             65          200      0.0025      0           Open
15              165             166             98          100      0.0025      0           Open
16              166             168             145         100      0.0025      0           Open
17              165             170             96          200      0.0025      0           Open
18              170             171001          181         150      0.0025      0           Open
19              171001          171             92          100      0.0025      0           Open
20              171             172             100         100      0.0025      0           Open
21              171001          173             177         150      0.0025      0           Open
22              173             179             159         150      0.0025      0           Open
23              173             174             155         125      0.0025      0           Open
24              106             82              569         400      0.0025      0           Open
26              179             179001          168         125      0.0025      0           Open
27              179             177             103         100      0.0025      0           Open
28              168             169             113         100      0.0025      0           Open
30              124             127             850         300      0.0025      0           Open
32              128             129             149         125      0.0025      0           Open
33              129             130             175         100      0.0025      0           Open
34              127001          131001          500         300      0.0025      0           Open
35              131             132             134         100      0.0025      0           Open
38              106             105             66          200      0.0025      0           Open
39              105             102             78          200      0.0025      0           Open
40              131001          131             164         125      0.0025      0           Open
41              131             133             137         100      0.0025      0           Open
42              133             134             223         80       0.0025      0           Open
43              131001          135             394         300      0.0025      0           Open
44              135             136             191         125      0.0025      0           Open
46              136             137             440         80       0.0025      0           Open
47              136             138             459         80       0.0025      0           Open
49              102             100             197         200      0.0025      0           Open
50              136             139             184         100      0.0025      0           Open
51              385             88              2500        350      0.0025      0           Open
52              100             101             197         100      0.0025      0           Open
53              102             103             177         100      0.0025      0           Open
56              141             143             300         125      0.0025      0           Open
57              143             144             116         125      0.0025      0           Open
58              144             145             198         125      0.0025      0           Open
59              141             142             510         80       0.0025      0           Open
61              141             140001          127         200      0.0025      0           Open
62              140001          151             189         200      0.0025      0           Open
63              151             152             95          200      0.0025      0           Open
64              269             271             209         125      0.0025      0           Open
65              124             107             250         350      0.0025      0           Open
67              107             108             375         350      0.0025      0           Open
68              108             109             100         175      0.0025      0           Open
69              109             110             231         175      0.0025      0           Open
70              110             111             61          80       0.0025      0           Open
71              110             112             282         125      0.0025      0           Open
73              112             113             88          125      0.0025      0           Open
74              113             114             134         80       0.0025      0           Open
75              115             108             421         400      0.0025      0           Open
77              115             116             40          125      0.0025      0           Open
78              116             117             189         125      0.0025      0           Open
81              119             118             225         80       0.0025      0           Open
82              117             119             201         100      0.0025      0           Open
83              103             104             85          80       0.0025      0           Open
84              100             96              222         200      0.0025      0           Open
86              96              97              288         125      0.0025      0           Open
87              97              98              130         100      0.0025      0           Open
88              98              99              127         80       0.0025      0           Open
89              96              93              96          200      0.0025      0           Open
90              83              77              346         400      0.0025      0           Open
91              93              94              110         100      0.0025      0           Open
92              94              95              205         80       0.0025      0           Open
94              93              92              176         200      0.0025      0           Open
95              92              91              300         200      0.0025      0           Open
96              91              160             500         400      0.0025      0           Open
97              160             159001          119         400      0.0025      0           Open
98              159001          159             228         300      0.0025      0           Open
99              159             156             295         300      0.0025      0           Open
101             156             157             191         100      0.0025      0           Open
102             157             158             129         80       0.0025      0           Open
103             156             155             152         250      0.0025      0           Open
104             155             154             115         80       0.0025      0           Open
105             155             153             444         250      0.0025      0           Open
106             234001          235             500         250      0.0025      0           Open
107             77              81              334         150      0.0025      0           Open
108             55              59              580         175      0.0025      0           Open
110             59              60              350         100      0.0025      0           Open
112             60              61              209         80       0.0025      0           Open
113             60              62              212         80       0.0025      0           Open
114             141             147             455         150      0.0025      0           Open
115             147             148             250         125      0.0025      0           Open
116             148             150             168         80       0.0025      0           Open
118             148             149             145         80       0.0025      0           Open
119             59              63              314         175      0.0025      0           Open
120             63              67              419         150      0.0025      0           Open
121             63              64              172         100      0.0025      0           Open
122             64              65              110         100      0.0025      0           Open
123             65              66              250         80       0.0025      0           Open
124             260001          262             345         100      0.0025      0           Open
125             67              68              148         150      0.0025      0           Open
126             68              69              123         100      0.0025      0           Open
127             68              70              139         125      0.0025      0           Open
128             70              71              210         100      0.0025      0           Open
131             152             153             347         200      0.0025      0           Open
132             55              56              159         100      0.0025      0           Open
133             56              57              144         80       0.0025      0           Open
134             57              58              148         80       0.0025      0           Open
136             52              53              161         100      0.0025      0           Open
137             53              54              267         80       0.0025      0           Open
138             55              52              320         300      0.0025      0           Open
139             52              46001           444         300      0.0025      0           Open
140             46001           50              184         100      0.0025      0           Open
141             50              51              322         80       0.0025      0           Open
142             46001           47              228         100      0.0025      0           Open
143             47              48              129         80       0.0025      0           Open
144             48              49              254         80       0.0025      0           Open
145             301001          366             52          125      0.0025      0           Open
146             41              42              224         125      0.0025      0           Open
147             42              45              202         100      0.0025      0           Open
148             45              46              162         80       0.0025      0           Open
149             45001           41              435         400      0.0025      0           Open
150             41              35              488         400      0.0025      0           Open
151             35              36              179         150      0.0025      0           Open
152             36              39              137         100      0.0025      0           Open
153             39              40              160         100      0.0025      0           Open
154             36              37              168         100      0.0025      0           Open
155             35              31              350         400      0.0025      0           Open
157             31              32              246         125      0.0025      0           Open
159             32              33              100         80       0.0025      0           Open
160             32              34              149         80       0.0025      0           Open
161             235             235001          218         300      0.0025      0           Open
164             91              90              750         400      0.0025      0           Open
165             250001          412             611         500      0.0025      0           Open
166             13              385             752         300      0.0025      0           Open
167             90              89              250         400      0.0025      0           Open
168             23              24              103.6       100      0.0025      0           Open
169             31              28              250         400      0.0025      0           Open
170             28001           28              200         300      0.0025      0           Open
171             28              29              273         125      0.0025      0           Open
172             29              30              205         100      0.0025      0           Open
173             90              28001           200         300      0.0025      0           Open
174             28001           27              312         300      0.0025      0           Open
175             27              26              308         300      0.0025      0           Open
176             26              23              40          300      0.0025      0           Open
177             23              22              671         300      0.0025      0           Open
179             220             215001          820         200      0.0025      0           Open
181             213             234             700         250      0.0025      0           Open
182             24              24001           219         80       0.0025      0           Open
183             234001          238             400         200      0.0025      0           Open
184             288             291             603         150      0.0025      0           Open
185             365             301001          116         150      0.0025      0           Open
186             24001           25              214         214      0.0025      0           Open
187             319             322             477         300      0.0025      0           Open
188             250002          44              800         500      0.0025      0           Open
190             322             324             363         300      0.0025      0           Open
191             81              78              73          100      0.0025      0           Open
192             78              79              114         80       0.0025      0           Open
193             79              80              93          80       0.0025      0           Open
194             43              417             354         550      0.0025      0           Open
196             325             330             380         200      0.0025      0           Open
197             46001           45001           80          300      0.0025      0           Open
198             84              85              161         100      0.0025      0           Open
199             115             120             221         400      0.0025      0           Open
200             120             121             150         400      0.0025      0           Open
201             121             122             254         100      0.0025      0           Open
202             122             123             160         150      0.0025      0           Open
204             77              75              400         400      0.0025      0           Open
206             238             240             44          100      0.0025      0           Open
207             192             190001          398         400      0.0025      0           Open
208             77              76              66          80       0.0025      0           Open
209             123             82              100         200      0.0025      0           Open
212             73              74              127         100      0.0025      0           Open
213             336             337             206         300      0.0025      0           Open
214             334             345             616         200      0.0025      0           Open
216             239             189             300         100      0.0025      0           Open
218             135             141             177         150      0.0025      0           Open
219             75              73              175         100      0.0025      0           Open
220             219             220             105         100      0.0025      0           Open
221             150             71              500         200      0.0025      0           Open
222             83              84              169         100      0.0025      0           Open
223             43              422             345         500      0.0025      0           Open
224             220             221             187         150      0.0025      0           Open
226             221             222             86          100      0.0025      0           Open
227             222             223             126         80       0.0025      0           Open
228             221             223001          250         125      0.0025      0           Open
229             223001          224             116         125      0.0025      0           Open
230             224             225             269         100      0.0025      0           Open
231             225             226             42          80       0.0025      0           Open
232             370             371             100         200      0.0025      0           Open
234             256001          258001          249         300      0.0025      0           Open
235             258001          257001          184         300      0.0025      0           Open
236             257001          264             141         300      0.0025      0           Open
237             264             260001          75          300      0.0025      0           Open
238             265             268             227         100      0.0025      0           Open
239             268             274             397         200      0.0025      0           Open
240             274             277             162         200      0.0025      0           Open
243             83              86              135         400      0.0025      0           Open
244             215             214             329         200      0.0025      0           Open
245             214             216             145         100      0.0025      0           Open
246             216             217             56          100      0.0025      0           Open
247             216             218             171         100      0.0025      0           Open
248             256001          254             500         300      0.0025      0           Open
249             214             203             236         250      0.0025      0           Open
251             215001          202001          264         500      0.0025      0           Open
254             203             204             108         150      0.0025      0           Open
255             204             205             125         200      0.0025      0           Open
256             204             211             190         100      0.0025      0           Open
257             211             212             269         100      0.0025      0           Open
258             205             206             227         200      0.0025      0           Open
259             206             207             110         200      0.0025      0           Open
260             207             208             110         200      0.0025      0           Open
261             208             213             140         200      0.0025      0           Open
262             208             209             284         100      0.0025      0           Open
263             209             210             298         100      0.0025      0           Open
265             203             201             200         250      0.0025      0           Open
266             405             404             177         300      0.0025      0           Open
267             86              87              213         400      0.0025      0           Open
268             201             200001          150         250      0.0025      0           Open
269             200001          199             193         250      0.0025      0           Open
271             234             230             73          125      0.0025      0           Open
272             230             231             156         125      0.0025      0           Open
273             231             232             132         100      0.0025      0           Open
274             232             233             106         100      0.0025      0           Open
275             199             196             160         125      0.0025      0           Open
276             196             197             225         125      0.0025      0           Open
277             197             198             93          100      0.0025      0           Open
278             199             192             325         300      0.0025      0           Open
279             192             194             106         125      0.0025      0           Open
280             194             195             194         100      0.0025      0           Open
282             192             193             103         100      0.0025      0           Open
284             234             234001          149         250      0.0025      0           Open
288             236             237             138         150      0.0025      0           Open
289             237             238             146         125      0.0025      0           Open
290             250004          413             750         250      0.0025      0           Open
291             238             239             147         100      0.0025      0           Open
292             190001          190             131         400      0.0025      0           Open
294             187             186             38          100      0.0025      0           Open
295             186             185             78          100      0.0025      0           Open
296             187             188             287         100      0.0025      0           Open
297             188             189             253         100      0.0025      0           Open
298             180004          266             816         500      0.0025      0           Open
299             235001          241             215         300      0.0025      0           Open
300             241             242             170         100      0.0025      0           Open
301             241             243             135         350      0.0025      0           Open
302             243             244             145         350      0.0025      0           Open
304             244             245             254         350      0.0025      0           Open
306             182             183             103         100      0.0025      0           Open
307             183             184             85          100      0.0025      0           Open
308             187             182             600         400      0.0025      0           Open
311             182             249             300         350      0.0025      0           Open
312             249             248             100         350      0.0025      0           Open
313             248             247             306         350      0.0025      0           Open
315             247             246             256         350      0.0025      0           Open
316             246             245             239         350      0.0025      0           Open
317             180001          249             450         400      0.0025      0           Open
318             180001          181             130         100      0.0025      0           Open
321             71              71001           23          100      0.0025      0           Open
322             187             190             268         300      0.0025      0           Open
323             190             191             70          100      0.0025      0           Open
324             180004          180003          471         500      0.0025      0           Open
325             180002          180003          176         500      0.0025      0           Open
328             180             180001          190         500      0.0025      0           Open
329             400             399             70          150      0.0025      0           Open
330             404             399             350         300      0.0025      0           Open
331             258001          259001          320         100      0.0025      0           Open
332             199             200             158         100      0.0025      0           Open
333             202001          284             206         100      0.0025      0           Open
334             287             286             83          100      0.0025      0           Open
335             286             285             165         100      0.0025      0           Open
336             285             284             69          100      0.0025      0           Open
337             399             396001          350         200      0.0025      0           Open
338             202001          38              200         550      0.0025      0           Open
342             274             275             90          100      0.0025      0           Open
343             275             276             137         100      0.0025      0           Open
344             89              87              474         400      0.0025      0           Open
345             229             75              280         500      0.0025      0           Open
346             268             269             58          150      0.0025      0           Open
348             271             270             107         100      0.0025      0           Open
349             202001          82              1800        300      0.0025      0           Open
350             318             317             118         100      0.0025      0           Open
351             317             316             177         125      0.0025      0           Open
352             316             315             153         125      0.0025      0           Open
353             315             313             133         250      0.0025      0           Open
354             313             314             170         100      0.0025      0           Open
355             313             312             210         200      0.0025      0           Open
356             312             310             165         200      0.0025      0           Open
357             310             311             115         100      0.0025      0           Open
358             310             309             163         200      0.0025      0           Open
359             309             297             100         200      0.0025      0           Open
361             297             298             110         125      0.0025      0           Open
362             298             299             182         100      0.0025      0           Open
363             297             296             93          150      0.0025      0           Open
364             296             294             151         150      0.0025      0           Open
365             294             293             85          150      0.0025      0           Open
366             293             229             300         150      0.0025      0           Open
367             293             291             250         200      0.0025      0           Open
368             71001           72              121         100      0.0025      0           Open
369             296             295             132         100      0.0025      0           Open
370             127             127001          100         200      0.0025      0           Open
373             288             289             211         100      0.0025      0           Open
374             289             290             69          80       0.0025      0           Open
375             288             282             400         200      0.0025      0           Open
376             282             277             259         200      0.0025      0           Open
379             277             278             155         100      0.0025      0           Open
380             278             279             187         100      0.0025      0           Open
381             279             280             222         100      0.0025      0           Open
382             280             281             82          100      0.0025      0           Open
383             127001          128             102         150      0.0025      0           Open
385             271             272             220         100      0.0025      0           Open
386             271             273             300         100      0.0025      0           Open
390             82              228             74          100      0.0025      0           Open
392             227             229             150         500      0.0025      0           Open
393             227             215001          317         500      0.0025      0           Open
394             268             260001          270         250      0.0025      0           Open
397             262             261             78          100      0.0025      0           Open
398             301001          301             79          125      0.0025      0           Open
399             303             304             82          100      0.0025      0           Open
400             319             315             262         300      0.0025      0           Open
401             262             263             90          80       0.0025      0           Open
402             304             305             157         100      0.0025      0           Open
404             255             258             123         100      0.0025      0           Open
405             258             259             86          100      0.0025      0           Open
406             259             260             81          100      0.0025      0           Open
407             255             256             51          100      0.0025      0           Open
408             256             257             212         100      0.0025      0           Open
409             255             254             400         200      0.0025      0           Open
414             421             180002          218         500      0.0025      0           Open
415             420             421             109         500      0.0025      0           Open
416             419             420             55          500      0.0025      0           Open
417             418             419             214         500      0.0025      0           Open
418             416             418             145         500      0.0025      0           Open
419             417             416             329         550      0.0025      0           Open
421             416             415             372         500      0.0025      0           Open
422             415             250001          368         500      0.0025      0           Open
423             415             414             96          200      0.0025      0           Open
424             414             413             79          200      0.0025      0           Open
428             22              21              181         300      0.0025      0           Open
429             21              19              320         300      0.0025      0           Open
430             19              18              236         300      0.0025      0           Open
433             422             180             381         500      0.0025      0           Open
434             319             320             63          100      0.0025      0           Open
435             21              20              164         80       0.0025      0           Open
438             297             302             280         100      0.0025      0           Open
439             302             303             103         100      0.0025      0           Open
441             305             306             150         100      0.0025      0           Open
442             306             307             46          100      0.0025      0           Open
443             320             321             314         100      0.0025      0           Open
446             322             323             264         150      0.0025      0           Open
450             301             300             229         100      0.0025      0           Open
457             324             368             265         150      0.0025      0           Open
458             368             367             51          100      0.0025      0           Open
459             367             369             87          100      0.0025      0           Open
460             365             325             363         200      0.0025      0           Open
464             365             362             163         125      0.0025      0           Open
465             362             361             136         125      0.0025      0           Open
467             361             360001          200         100      0.0025      0           Open
468             360001          360             59          100      0.0025      0           Open
469             360             359             59          100      0.0025      0           Open
471             366             364             81          100      0.0025      0           Open
472             364             363             142         100      0.0025      0           Open
473             325             327             248         125      0.0025      0           Open
474             327             326             110         100      0.0025      0           Open
476             327             328             66          100      0.0025      0           Open
477             328             329             99          80       0.0025      0           Open
479             330             334             415         200      0.0025      0           Open
480             324             331             1450        300      0.0025      0           Open
481             331             333             350         300      0.0025      0           Open
482             333             336             400         300      0.0025      0           Open
485             331             332             68          80       0.0025      0           Open
486             254             250             459         350      0.0025      0           Open
487             250             341             310         350      0.0025      0           Open
489             341             340             169         350      0.0025      0           Open
490             340             338             176         350      0.0025      0           Open
492             338             337             392         350      0.0025      0           Open
496             338             339             246         100      0.0025      0           Open
497             341             342             87          125      0.0025      0           Open
498             342             343             64          100      0.0025      0           Open
499             343             344             233         80       0.0025      0           Open
500             250             251             90          125      0.0025      0           Open
501             251             252             174         100      0.0025      0           Open
503             252             253             51          100      0.0025      0           Open
506             250002          250003          108         500      0.0025      0           Open
508             412             411             190         500      0.0025      0           Open
509             411             410             293         500      0.0025      0           Open
510             410             409             168         500      0.0025      0           Open
511             409             408             317         500      0.0025      0           Open
512             408             407001          342         500      0.0025      0           Open
513             407001          406             415         300      0.0025      0           Open
514             407001          350             142         300      0.0025      0           Open
515             407             350             183         100      0.0025      0           Open
517             350             350001          131         200      0.0025      0           Open
519             350001          351             75          100      0.0025      0           Open
520             350001          352             362         175      0.0025      0           Open
521             350001          356             392         125      0.0025      0           Open
522             350             345             236         250      0.0025      0           Open
523             345             346             168         125      0.0025      0           Open
524             346             347             263         125      0.0025      0           Open
525             347             348             84          100      0.0025      0           Open
526             348             349             50          100      0.0025      0           Open
530             334             335             182         125      0.0025      0           Open
532             406             405             158         300      0.0025      0           Open
535             352             353             102         125      0.0025      0           Open
536             353             354             69          100      0.0025      0           Open
537             354             355             121         80       0.0025      0           Open
538             356             357             81          100      0.0025      0           Open
539             357             358             96          100      0.0025      0           Open
540             368             370             87          150      0.0025      0           Open
542             371             372             195         150      0.0025      0           Open
543             372             373             209         125      0.0025      0           Open
544             373             374             67          100      0.0025      0           Open
545             372             378             55          150      0.0025      0           Open
546             378             379             167         150      0.0025      0           Open
547             379             380             81          125      0.0025      0           Open
548             380             381             225         125      0.0025      0           Open
549             381             382             44          125      0.0025      0           Open
550             372             376             90          200      0.0025      0           Open
552             376             384             286         200      0.0025      0           Open
554             384             383             146         100      0.0025      0           Open
555             378             377             170         100      0.0025      0           Open
557             396001          397             222         100      0.0025      0           Open
558             397             398             31          100      0.0025      0           Open
563             400             401             69          125      0.0025      0           Open
564             401             402             297         100      0.0025      0           Open
565             402             403             83          80       0.0025      0           Open
567             18              11              77          100      0.0025      0           Open
568             11              10              130         100      0.0025      0           Open
571             9               8               257         100      0.0025      0           Open
575             18              15              720         300      0.0025      0           Open
576             15              13              351         250      0.0025      0           Open
578             12              14              188         175      0.0025      0           Open
579             14              6               159         150      0.0025      0           Open
580             6               5               189         150      0.0025      0           Open
581             5               8               83          150      0.0025      0           Open
588             13              12              200         200      0.0025      0           Open
589             15              16              94          80       0.0025      0           Open
590             15              17              128         80       0.0025      0           Open
593             250             250003          225         500      0.0025      0           Open
600             4               8               101         150      0.0025      0           Open
601             8               7               101         80       0.0025      0           Open
605             601             384             67          200      0.0025      0           Open
606             601             385             170         175      0.0025      0           Open
607             385             387             176         175      0.0025      0           Open
608             387             388             105         175      0.0025      0           Open
609             388             389             136         150      0.0025      0           Open
610             389             390             128         150      0.0025      0           Open
611             390             391             40          150      0.0025      0           Open
612             391             392             65          150      0.0025      0           Open
613             392             393             83          100      0.0025      0           Open
614             393             394             257         100      0.0025      0           Open
615             394             395             85          100      0.0025      0           Open
616             395             396             151         100      0.0025      0           Open
617             4               2               326         150      0.0025      0           Open
618             2               3               135         100      0.0025      0           Open
620             2               1               222         100      0.0025      0           Open
